831
480
590
670
727
735
746
747
757
768
775
776
777
779
781
787
828
851
852
867
868
869
870
871
872
873
920
935
939
940
941
942
943
944
951
953
954
955
956
957
958
959
960
961
962
963
964
965
966
967
970
971
973
974
975
977
979
1196
1206
1352
1354
1357
1481
1522
1532
1533
1534
1535
1536
1537
1538
1539
1546
1548
1549
1550
1551
1552
1553
1554
1555
1557
1558
1559
1560
1561
1562
1563
1564
1565
1566
1567
1568
1569
1570
1571
1572
1576
1577
1578
1579
1580
1581
1582
1583
1584
1585
1586
1587
1588
1589
1590
1591
1592
1593
1594
1595
1596
1597
1598
1599
1600
1601
1602
1603
1604
1605
1606
1607
1608
1609
1610
1611
1612
1613
1614
1615
1616
1617
1618
1619
1620
1621
1622
1623
1624
1625
1629
1632
1633
1634
