9
11
13
17
21
25
26
27
28
32
36
37
38
43
44
47
52
58
63
64
68
73
80
81
85
86
87
88
92
98
102
103
107
108
112
113
117
118
120
128
129
130
136
144
150
152
153
154
155
156
157
158
162
163
170
172
173
175
176
177
183
191
198
199
200
201
206
209
210
213
214
217
218
219
221
223
228
233
235
238
239
243
246
247
248
249
250
251
252
253
255
257
258
260
264
265
266
267
268
269
270
271
277
278
279
280
281
288
289
290
317
319
320
321
322
323
324
325
328
329
330
333
348
349
350
360
362
372
375
376
389
404
408
413
415
425
429
434
435
441
442
444
446
452
453
456
457
460
463
464
466
467
468
469
472
473
475
477
483
484
485
508
509
513
514
515
516
522
529
530
537
539
540
541
542
544
547
552
558
562
563
564
565
567
569
571
574
576
577
581
582
583
584
585
588
589
594
595
596
597
598
599
600
601
602
603
604
605
606
608
609
610
612
613
614
615
616
641
642
643
644
645
650
655
657
658
662
678
681
720
734
740
742
753
755
760
764
802
803
804
805
806
807
808
809
810
811
812
813
814
815
817
818
819
820
821
822
823
824
826
859
1000
1078
1098
1111
1157
1184
1186
1189
1190
1212
1213
1217
1218
1219
1221
1223
1224
1225
1226
1227
1229
1230
1231
1233
1234
1239
1240
1241
1242
1247
1249
1250
1251
1286
1288
1290
1292
1297
1299
1302
1308
1310
1314
1315
1318
1319
1323
1324
1325
1452
1518
1526
1626
1628
