1
4
5
6
7
8
10
11
12
13
14
15
16
17
18
19
20
22
25
26
27
28
29
31
32
33
34
36
37
38
40
41
42
43
45
47
48
49
50
52
53
56
57
58
59
60
62
63
65
66
67
68
70
73
74
75
76
77
78
79
80
82
83
84
85
86
87
88
89
90
91
92
95
98
99
100
101
102
103
104
106
107
108
109
112
113
114
115
116
117
118
119
120
121
123
124
125
126
127
128
129
132
133
134
136
137
138
140
141
142
143
144
145
149
150
151
152
153
154
155
156
157
158
159
160
161
162
165
166
168
169
170
172
173
174
175
176
177
178
179
181
182
183
185
187
188
189
192
196
197
198
199
200
201
204
206
208
209
210
212
213
214
215
218
219
221
222
223
224
226
228
230
231
232
233
236
237
238
239
240
241
243
246
247
249
250
252
253
258
262
264
266
267
268
269
270
271
277
278
279
281
282
284
288
289
290
295
317
318
319
320
321
322
323
324
325
326
327
328
329
330
331
333
334
346
349
350
351
358
360
361
362
366
371
373
375
376
378
385
386
389
393
403
404
405
407
408
410
415
429
434
442
444
446
452
453
456
457
458
460
463
464
466
467
468
469
471
472
473
475
477
483
484
486
487
488
489
490
491
494
495
496
501
506
507
508
509
511
512
513
521
561
563
576
590
591
592
593
594
595
596
597
598
599
600
602
604
606
616
618
619
621
623
628
630
634
639
640
641
643
644
645
646
648
650
651
652
655
656
657
661
662
663
666
667
670
672
674
678
679
680
681
683
685
693
694
695
707
712
713
719
720
724
728
729
730
733
734
735
736
737
740
741
742
744
745
748
751
752
753
755
760
764
767
769
770
771
778
779
782
786
790
791
793
798
800
802
803
804
805
806
807
808
809
810
811
812
813
814
815
816
817
818
819
820
821
822
823
824
825
826
827
830
833
834
835
836
837
838
839
840
841
842
843
844
845
846
848
849
850
853
854
858
859
860
862
867
872
873
884
921
922
923
934
935
936
937
938
960
968
969
978
980
993
996
997
999
1182
1184
1186
1188
1189
1190
1191
1192
1193
1194
1196
1200
1204
1210
1211
1212
1213
1221
1227
1229
1230
1231
1242
1257
1328
1329
1330
1332
1333
1336
1338
1341
1342
1355
1361
1362
1364
1365
1366
1368
1369
1393
1395
1422
1427
1429
1433
1435
1436
1440
1441
1443
1452
1457
1459
1467
1479
1518
1520
1521
1522
1523
1524
1525
1526
1527
1532
1534
1553
1554
1560
1569
1573
1574
1576
1577
1579
1580
1581
1582
1583
1584
1585
1586
1587
1588
1589
1590
1591
1592
1593
1594
1595
1596
1597
1598
1599
1600
1601
1602
1603
1604
1605
1606
1607
1608
1610
1613
1614
1617
1625
1626
1628
1633
